0.3080,-0.5000,-0.7860,0.8020,0.2520,0.3920,0.1160
0.3086,-0.4980,-0.7745,0.7801,0.2552,0.3941,0.1097
0.3082,-0.5043,-0.7682,0.7804,0.2582,0.3957,0.1033
0.3075,-0.5117,-0.7627,0.7837,0.2611,0.3974,0.0971
0.3069,-0.5190,-0.7574,0.7869,0.2640,0.3992,0.0912
0.3063,-0.5264,-0.7522,0.7900,0.2668,0.4011,0.0854
0.3057,-0.5336,-0.7471,0.7931,0.2696,0.4032,0.0799
0.3052,-0.5409,-0.7422,0.7961,0.2724,0.4053,0.0745
0.3046,-0.5481,-0.7374,0.7991,0.2752,0.4075,0.0694
0.3041,-0.5553,-0.7327,0.8021,0.2779,0.4099,0.0644
0.3036,-0.5624,-0.7282,0.8050,0.2806,0.4123,0.0596
0.3031,-0.5696,-0.7238,0.8079,0.2832,0.4148,0.0551
0.3027,-0.5767,-0.7195,0.8108,0.2859,0.4174,0.0506
0.3023,-0.5837,-0.7153,0.8137,0.2885,0.4201,0.0464
0.3019,-0.5908,-0.7112,0.8165,0.2911,0.4229,0.0423
0.3016,-0.5979,-0.7073,0.8194,0.2936,0.4257,0.0384
0.3013,-0.6049,-0.7035,0.8223,0.2961,0.4287,0.0347
0.3010,-0.6119,-0.6997,0.8251,0.2986,0.4317,0.0311
0.3008,-0.6189,-0.6961,0.8280,0.3011,0.4348,0.0277
0.3006,-0.6259,-0.6926,0.8309,0.3035,0.4379,0.0244
0.3004,-0.6329,-0.6891,0.8339,0.3059,0.4412,0.0212
0.3003,-0.6399,-0.6858,0.8368,0.3083,0.4445,0.0182
0.3003,-0.6469,-0.6826,0.8398,0.3107,0.4479,0.0154
0.3003,-0.6540,-0.6794,0.8428,0.3130,0.4513,0.0126
0.3003,-0.6610,-0.6764,0.8459,0.3153,0.4548,0.0100
0.3003,-0.6679,-0.6734,0.8490,0.3175,0.4584,0.0076
0.3004,-0.6748,-0.6706,0.8522,0.3198,0.4620,0.0052
0.3006,-0.6815,-0.6678,0.8554,0.3220,0.4657,0.0030
0.3007,-0.6881,-0.6651,0.8587,0.3242,0.4695,0.0009
0.3009,-0.6947,-0.6624,0.8621,0.3264,0.4733,-0.0011
0.3012,-0.7011,-0.6599,0.8655,0.3285,0.4771,-0.0030
0.3015,-0.7074,-0.6574,0.8690,0.3306,0.4811,-0.0048
0.3017,-0.7136,-0.6550,0.8725,0.3327,0.4850,-0.0065
0.3021,-0.7197,-0.6527,0.8762,0.3347,0.4890,-0.0081
0.3024,-0.7257,-0.6504,0.8799,0.3368,0.4931,-0.0097
0.3028,-0.7316,-0.6482,0.8837,0.3388,0.4972,-0.0111
0.3032,-0.7374,-0.6460,0.8875,0.3407,0.5014,-0.0124
0.3037,-0.7431,-0.6439,0.8914,0.3427,0.5055,-0.0137
0.3041,-0.7488,-0.6419,0.8955,0.3446,0.5098,-0.0149
0.3046,-0.7544,-0.6399,0.8995,0.3465,0.5140,-0.0160
0.3051,-0.7599,-0.6380,0.9037,0.3484,0.5183,-0.0170
0.3057,-0.7653,-0.6361,0.9079,0.3503,0.5227,-0.0180
0.3062,-0.7706,-0.6343,0.9123,0.3521,0.5270,-0.0189
0.3068,-0.7759,-0.6325,0.9167,0.3539,0.5314,-0.0198
0.3074,-0.7811,-0.6307,0.9211,0.3557,0.5359,-0.0205
0.3080,-0.7862,-0.6290,0.9257,0.3575,0.5403,-0.0213
0.3086,-0.7913,-0.6274,0.9301,0.3593,0.5448,-0.0219
0.3092,-0.7963,-0.6258,0.9345,0.3610,0.5493,-0.0226
0.3097,-0.8013,-0.6243,0.9389,0.3627,0.5538,-0.0231
0.3103,-0.8062,-0.6228,0.9432,0.3644,0.5584,-0.0237
0.3109,-0.8111,-0.6213,0.9475,0.3660,0.5629,-0.0241
0.3115,-0.8159,-0.6199,0.9518,0.3677,0.5675,-0.0246
0.3121,-0.8207,-0.6186,0.9560,0.3693,0.5721,-0.0250
0.3127,-0.8255,-0.6173,0.9602,0.3708,0.5767,-0.0253
0.3132,-0.8302,-0.6160,0.9644,0.3724,0.5814,-0.0257
0.3138,-0.8348,-0.6148,0.9686,0.3740,0.5860,-0.0260
0.3144,-0.8395,-0.6136,0.9727,0.3755,0.5906,-0.0262
0.3150,-0.8441,-0.6124,0.9768,0.3770,0.5953,-0.0264
0.3155,-0.8486,-0.6113,0.9809,0.3785,0.6000,-0.0266
0.3161,-0.8532,-0.6102,0.9850,0.3799,0.6046,-0.0268
0.3167,-0.8577,-0.6092,0.9891,0.3814,0.6093,-0.0269
0.3167,-0.8611,-0.6080,0.9917,0.3828,0.6127,-0.0270
0.3163,-0.8634,-0.6067,0.9928,0.3844,0.6143,-0.0271
0.3161,-0.8660,-0.6055,0.9945,0.3859,0.6162,-0.0272
0.3162,-0.8692,-0.6043,0.9970,0.3874,0.6187,-0.0273
0.3166,-0.8731,-0.6033,1.0005,0.3888,0.6218,-0.0273
0.3172,-0.8774,-0.6024,1.0048,0.3901,0.6253,-0.0273
0.3178,-0.8818,-0.6015,1.0091,0.3914,0.6289,-0.0274
0.3184,-0.8863,-0.6007,1.0135,0.3926,0.6327,-0.0273
0.3191,-0.8907,-0.5999,1.0179,0.3939,0.6365,-0.0273
0.3198,-0.8950,-0.5991,1.0222,0.3951,0.6403,-0.0273
0.3204,-0.8994,-0.5984,1.0266,0.3963,0.6442,-0.0272
0.3210,-0.9037,-0.5976,1.0309,0.3975,0.6481,-0.0271
0.3217,-0.9080,-0.5969,1.0352,0.3987,0.6521,-0.0270
0.3223,-0.9123,-0.5962,1.0394,0.3998,0.6561,-0.0269
0.3229,-0.9166,-0.5956,1.0437,0.4010,0.6602,-0.0268
0.3235,-0.9208,-0.5949,1.0479,0.4021,0.6643,-0.0266
0.3241,-0.9250,-0.5943,1.0520,0.4032,0.6684,-0.0265
0.3247,-0.9292,-0.5937,1.0562,0.4043,0.6726,-0.0263
0.3253,-0.9334,-0.5931,1.0603,0.4053,0.6768,-0.0262
0.3258,-0.9375,-0.5926,1.0644,0.4064,0.6810,-0.0260
0.3264,-0.9416,-0.5920,1.0685,0.4074,0.6853,-0.0258
0.3269,-0.9457,-0.5915,1.0725,0.4084,0.6896,-0.0256
0.3274,-0.9497,-0.5910,1.0766,0.4094,0.6939,-0.0254
0.3279,-0.9537,-0.5905,1.0806,0.4103,0.6983,-0.0252
0.3285,-0.9577,-0.5900,1.0845,0.4113,0.7026,-0.0250
0.3289,-0.9617,-0.5896,1.0885,0.4122,0.7071,-0.0247
0.3294,-0.9657,-0.5892,1.0924,0.4132,0.7115,-0.0245
0.3299,-0.9696,-0.5887,1.0963,0.4141,0.7160,-0.0243
0.3303,-0.9735,-0.5883,1.1001,0.4149,0.7205,-0.0241
0.3308,-0.9774,-0.5879,1.1040,0.4158,0.7251,-0.0238
0.3312,-0.9813,-0.5876,1.1078,0.4167,0.7296,-0.0236
0.3316,-0.9851,-0.5872,1.1116,0.4175,0.7342,-0.0233
0.3320,-0.9889,-0.5869,1.1153,0.4183,0.7388,-0.0231
0.3324,-0.9927,-0.5865,1.1191,0.4191,0.7435,-0.0229
0.3328,-0.9965,-0.5862,1.1228,0.4199,0.7481,-0.0226
0.3331,-1.0002,-0.5859,1.1265,0.4207,0.7528,-0.0224
0.3334,-1.0040,-0.5856,1.1302,0.4215,0.7576,-0.0221
0.3338,-1.0077,-0.5853,1.1338,0.4222,0.7623,-0.0219
0.3341,-1.0114,-0.5851,1.1374,0.4230,0.7671,-0.0217
0.3344,-1.0151,-0.5848,1.1410,0.4237,0.7718,-0.0214
0.3347,-1.0187,-0.5846,1.1446,0.4244,0.7766,-0.0212
0.3349,-1.0223,-0.5843,1.1482,0.4251,0.7815,-0.0209
0.3352,-1.0259,-0.5841,1.1517,0.4257,0.7863,-0.0207
0.3354,-1.0295,-0.5839,1.1552,0.4264,0.7912,-0.0205
0.3356,-1.0331,-0.5837,1.1587,0.4270,0.7961,-0.0203
0.3358,-1.0367,-0.5836,1.1621,0.4277,0.8010,-0.0200
0.3360,-1.0402,-0.5834,1.1656,0.4283,0.8059,-0.0198
0.3361,-1.0437,-0.5832,1.1690,0.4289,0.8109,-0.0196
0.3363,-1.0472,-0.5831,1.1724,0.4295,0.8159,-0.0194
0.3364,-1.0507,-0.5830,1.1758,0.4301,0.8209,-0.0192
0.3365,-1.0541,-0.5829,1.1791,0.4306,0.8259,-0.0190
0.3366,-1.0575,-0.5827,1.1824,0.4312,0.8309,-0.0188
0.3367,-1.0610,-0.5827,1.1857,0.4317,0.8359,-0.0186
0.3367,-1.0644,-0.5826,1.1890,0.4322,0.8410,-0.0184
0.3368,-1.0677,-0.5825,1.1923,0.4328,0.8461,-0.0183
0.3368,-1.0711,-0.5824,1.1955,0.4333,0.8512,-0.0181
0.3368,-1.0744,-0.5824,1.1987,0.4337,0.8563,-0.0179
0.3367,-1.0777,-0.5823,1.2019,0.4342,0.8614,-0.0178
0.3367,-1.0810,-0.5823,1.2051,0.4347,0.8666,-0.0176
0.3366,-1.0843,-0.5823,1.2082,0.4351,0.8717,-0.0175
0.3365,-1.0876,-0.5823,1.2113,0.4356,0.8769,-0.0174
0.3364,-1.0908,-0.5823,1.2144,0.4360,0.8821,-0.0172
0.3363,-1.0941,-0.5823,1.2175,0.4364,0.8873,-0.0171
0.3362,-1.0973,-0.5824,1.2206,0.4368,0.8925,-0.0170
0.3360,-1.1004,-0.5824,1.2236,0.4372,0.8977,-0.0169
0.3358,-1.1036,-0.5824,1.2266,0.4376,0.9030,-0.0168
0.3356,-1.1067,-0.5825,1.2296,0.4379,0.9082,-0.0167
0.3353,-1.1099,-0.5826,1.2325,0.4383,0.9135,-0.0167
0.3351,-1.1130,-0.5827,1.2354,0.4386,0.9188,-0.0166
0.3348,-1.1160,-0.5828,1.2383,0.4390,0.9241,-0.0165
0.3345,-1.1191,-0.5829,1.2412,0.4393,0.9294,-0.0165
0.3341,-1.1221,-0.5830,1.2441,0.4396,0.9347,-0.0164
0.3338,-1.1252,-0.5831,1.2469,0.4399,0.9401,-0.0164
0.3334,-1.1282,-0.5833,1.2497,0.4402,0.9454,-0.0164
0.3330,-1.1311,-0.5834,1.2525,0.4405,0.9508,-0.0164
0.3326,-1.1341,-0.5836,1.2552,0.4407,0.9561,-0.0164
0.3321,-1.1370,-0.5838,1.2580,0.4410,0.9615,-0.0164
0.3316,-1.1399,-0.5840,1.2607,0.4412,0.9669,-0.0164
0.3311,-1.1428,-0.5842,1.2633,0.4415,0.9723,-0.0164
0.3306,-1.1457,-0.5844,1.2660,0.4417,0.9777,-0.0164
0.3300,-1.1485,-0.5846,1.2686,0.4419,0.9831,-0.0165
0.3294,-1.1513,-0.5848,1.2712,0.4421,0.9885,-0.0165
0.3288,-1.1541,-0.5851,1.2737,0.4423,0.9939,-0.0166
0.3282,-1.1569,-0.5854,1.2763,0.4425,0.9994,-0.0167
0.3275,-1.1596,-0.5856,1.2788,0.4427,1.0048,-0.0167
0.3268,-1.1623,-0.5859,1.2812,0.4428,1.0103,-0.0168
0.3260,-1.1650,-0.5862,1.2837,0.4430,1.0157,-0.0169
0.3253,-1.1677,-0.5865,1.2861,0.4431,1.0212,-0.0170
0.3245,-1.1703,-0.5869,1.2885,0.4433,1.0267,-0.0172
0.3237,-1.1730,-0.5872,1.2909,0.4434,1.0321,-0.0173
0.3228,-1.1756,-0.5876,1.2932,0.4435,1.0376,-0.0174
0.3220,-1.1782,-0.5880,1.2955,0.4436,1.0431,-0.0176
0.3210,-1.1809,-0.5884,1.2980,0.4436,1.0489,-0.0177
0.3197,-1.1842,-0.5893,1.3010,0.4434,1.0553,-0.0179
0.3178,-1.1879,-0.5909,1.3045,0.4427,1.0624,-0.0181
0.3151,-1.1915,-0.5931,1.3079,0.4417,1.0693,-0.0183
0.3120,-1.1948,-0.5956,1.3112,0.4407,1.0759,-0.0185
0.3091,-1.1984,-0.5980,1.3146,0.4396,1.0830,-0.0187
0.3062,-1.2018,-0.6004,1.3179,0.4385,1.0900,-0.0189
0.3032,-1.2052,-0.6028,1.3210,0.4375,1.0970,-0.0192
0.3002,-1.2084,-0.6051,1.3241,0.4364,1.1039,-0.0195
0.2973,-1.2116,-0.6074,1.3270,0.4353,1.1108,-0.0197
0.2943,-1.2146,-0.6098,1.3298,0.4343,1.1176,-0.0200
0.2912,-1.2176,-0.6120,1.3325,0.4332,1.1243,-0.0203
0.2882,-1.2204,-0.6143,1.3351,0.4321,1.1310,-0.0206
0.2852,-1.2232,-0.6166,1.3376,0.4311,1.1377,-0.0210
0.2821,-1.2258,-0.6188,1.3400,0.4301,1.1443,-0.0213
0.2791,-1.2284,-0.6210,1.3423,0.4290,1.1508,-0.0216
0.2760,-1.2309,-0.6232,1.3445,0.4280,1.1573,-0.0220
0.2729,-1.2333,-0.6254,1.3466,0.4270,1.1637,-0.0224
0.2699,-1.2356,-0.6275,1.3487,0.4260,1.1701,-0.0228
0.2668,-1.2378,-0.6296,1.3506,0.4250,1.1765,-0.0232
0.2637,-1.2399,-0.6317,1.3524,0.4240,1.1827,-0.0236
0.2606,-1.2420,-0.6338,1.3542,0.4230,1.1889,-0.0240
0.2575,-1.2439,-0.6359,1.3559,0.4221,1.1951,-0.0244
0.2544,-1.2458,-0.6380,1.3575,0.4211,1.2012,-0.0249
0.2512,-1.2476,-0.6400,1.3590,0.4201,1.2072,-0.0253
0.2481,-1.2494,-0.6420,1.3605,0.4192,1.2132,-0.0258
0.2450,-1.2510,-0.6440,1.3618,0.4183,1.2192,-0.0262
0.2419,-1.2526,-0.6460,1.3632,0.4173,1.2251,-0.0267
0.2387,-1.2542,-0.6479,1.3644,0.4164,1.2309,-0.0272
0.2356,-1.2556,-0.6499,1.3656,0.4155,1.2367,-0.0277
0.2325,-1.2570,-0.6518,1.3667,0.4146,1.2424,-0.0282
0.2293,-1.2583,-0.6537,1.3677,0.4138,1.2481,-0.0287
0.2262,-1.2596,-0.6556,1.3687,0.4129,1.2537,-0.0292
0.2230,-1.2608,-0.6574,1.3696,0.4120,1.2593,-0.0297
0.2199,-1.2619,-0.6593,1.3705,0.4112,1.2648,-0.0303
0.2168,-1.2630,-0.6611,1.3713,0.4103,1.2703,-0.0308
0.2136,-1.2640,-0.6629,1.3721,0.4095,1.2757,-0.0314
0.2105,-1.2650,-0.6647,1.3728,0.4087,1.2811,-0.0319
0.2074,-1.2659,-0.6665,1.3734,0.4079,1.2864,-0.0325
0.2042,-1.2667,-0.6682,1.3740,0.4071,1.2916,-0.0330
0.2011,-1.2675,-0.6699,1.3746,0.4063,1.2968,-0.0336
0.1980,-1.2683,-0.6716,1.3751,0.4055,1.3020,-0.0341
0.1949,-1.2689,-0.6733,1.3756,0.4048,1.3071,-0.0347
0.1918,-1.2696,-0.6750,1.3760,0.4040,1.3122,-0.0353
0.1887,-1.2702,-0.6767,1.3763,0.4033,1.3172,-0.0359
0.1856,-1.2707,-0.6783,1.3767,0.4025,1.3222,-0.0364
0.1825,-1.2712,-0.6799,1.3769,0.4018,1.3271,-0.0370
0.1794,-1.2716,-0.6815,1.3772,0.4011,1.3320,-0.0376
0.1763,-1.2720,-0.6831,1.3774,0.4004,1.3368,-0.0382
0.1732,-1.2724,-0.6847,1.3775,0.3997,1.3416,-0.0388
0.1701,-1.2727,-0.6863,1.3777,0.3990,1.3463,-0.0394
0.1670,-1.2730,-0.6878,1.3778,0.3984,1.3510,-0.0399
0.1640,-1.2732,-0.6893,1.3778,0.3977,1.3556,-0.0405
0.1609,-1.2734,-0.6908,1.3778,0.3971,1.3602,-0.0411
0.1579,-1.2736,-0.6923,1.3778,0.3964,1.3648,-0.0417
0.1548,-1.2737,-0.6938,1.3778,0.3958,1.3693,-0.0423
0.1518,-1.2738,-0.6952,1.3777,0.3952,1.3737,-0.0429
0.1488,-1.2738,-0.6967,1.3776,0.3946,1.3782,-0.0435
0.1458,-1.2738,-0.6981,1.3775,0.3939,1.3825,-0.0441
0.1428,-1.2738,-0.6995,1.3773,0.3934,1.3869,-0.0447
0.1398,-1.2737,-0.7009,1.3771,0.3928,1.3911,-0.0452
0.1368,-1.2736,-0.7023,1.3769,0.3922,1.3954,-0.0458
0.1338,-1.2735,-0.7036,1.3766,0.3916,1.3996,-0.0464
0.1308,-1.2734,-0.7050,1.3763,0.3911,1.4037,-0.0470
0.1278,-1.2732,-0.7063,1.3760,0.3905,1.4079,-0.0476
0.1249,-1.2730,-0.7076,1.3757,0.3900,1.4119,-0.0481
0.1220,-1.2727,-0.7089,1.3754,0.3895,1.4160,-0.0487
0.1190,-1.2724,-0.7102,1.3750,0.3890,1.4200,-0.0493
0.1161,-1.2722,-0.7114,1.3746,0.3884,1.4239,-0.0498
0.1132,-1.2718,-0.7127,1.3742,0.3879,1.4278,-0.0504
0.1103,-1.2715,-0.7139,1.3737,0.3874,1.4317,-0.0510
0.1074,-1.2711,-0.7151,1.3733,0.3870,1.4356,-0.0515
0.1045,-1.2707,-0.7163,1.3728,0.3865,1.4394,-0.0521
0.1017,-1.2703,-0.7175,1.3723,0.3860,1.4431,-0.0526
0.0988,-1.2698,-0.7187,1.3718,0.3856,1.4469,-0.0532
0.0960,-1.2694,-0.7199,1.3713,0.3851,1.4505,-0.0537
0.0931,-1.2689,-0.7210,1.3707,0.3847,1.4542,-0.0542
0.0903,-1.2684,-0.7222,1.3701,0.3842,1.4578,-0.0547
0.0875,-1.2678,-0.7233,1.3696,0.3838,1.4614,-0.0553
0.0847,-1.2673,-0.7244,1.3690,0.3834,1.4649,-0.0558
0.0819,-1.2667,-0.7255,1.3683,0.3830,1.4684,-0.0563
0.0791,-1.2661,-0.7266,1.3677,0.3826,1.4719,-0.0568
0.0764,-1.2655,-0.7277,1.3671,0.3822,1.4754,-0.0573
0.0736,-1.2649,-0.7287,1.3664,0.3818,1.4788,-0.0578
0.0709,-1.2643,-0.7298,1.3657,0.3814,1.4821,-0.0583
0.0682,-1.2636,-0.7308,1.3650,0.3810,1.4855,-0.0588
0.0654,-1.2629,-0.7318,1.3643,0.3806,1.4888,-0.0592
0.0627,-1.2623,-0.7328,1.3636,0.3803,1.4921,-0.0597
0.0601,-1.2616,-0.7338,1.3629,0.3799,1.4953,-0.0602
0.0574,-1.2608,-0.7348,1.3622,0.3796,1.4985,-0.0606
0.0547,-1.2601,-0.7358,1.3614,0.3792,1.5017,-0.0611
0.0521,-1.2594,-0.7367,1.3607,0.3789,1.5048,-0.0615
0.0494,-1.2586,-0.7377,1.3599,0.3786,1.5079,-0.0620
0.0468,-1.2578,-0.7386,1.3591,0.3782,1.5110,-0.0624
0.0442,-1.2571,-0.7395,1.3583,0.3779,1.5141,-0.0628
0.0416,-1.2563,-0.7404,1.3575,0.3776,1.5171,-0.0632
0.0390,-1.2555,-0.7413,1.3567,0.3773,1.5201,-0.0637
0.0365,-1.2547,-0.7422,1.3559,0.3770,1.5231,-0.0641
0.0339,-1.2538,-0.7431,1.3551,0.3767,1.5260,-0.0645
0.0314,-1.2530,-0.7440,1.3543,0.3764,1.5289,-0.0648
0.0289,-1.2522,-0.7448,1.3534,0.3761,1.5318,-0.0652
0.0263,-1.2513,-0.7457,1.3526,0.3759,1.5346,-0.0656
0.0238,-1.2505,-0.7465,1.3517,0.3756,1.5374,-0.0660
0.0221,-1.2510,-0.7475,1.3526,0.3753,1.5382,-0.0663
0.0208,-1.2521,-0.7484,1.3542,0.3749,1.5382,-0.0667
0.0195,-1.2532,-0.7494,1.3558,0.3746,1.5380,-0.0670
0.0181,-1.2542,-0.7503,1.3573,0.3743,1.5379,-0.0674
0.0168,-1.2553,-0.7512,1.3589,0.3740,1.5378,-0.0678
0.0155,-1.2564,-0.7522,1.3604,0.3737,1.5377,-0.0681
0.0142,-1.2574,-0.7531,1.3618,0.3734,1.5376,-0.0684
0.0128,-1.2584,-0.7540,1.3633,0.3731,1.5375,-0.0688
0.0115,-1.2594,-0.7549,1.3647,0.3729,1.5374,-0.0691
0.0102,-1.2603,-0.7557,1.3661,0.3726,1.5374,-0.0694
0.0089,-1.2613,-0.7566,1.3674,0.3723,1.5373,-0.0698
0.0076,-1.2622,-0.7574,1.3687,0.3721,1.5372,-0.0701
0.0063,-1.2632,-0.7583,1.3700,0.3719,1.5372,-0.0704
0.0050,-1.2641,-0.7591,1.3713,0.3716,1.5372,-0.0708
0.0037,-1.2649,-0.7599,1.3726,0.3714,1.5371,-0.0711
0.0024,-1.2658,-0.7607,1.3738,0.3712,1.5371,-0.0714
0.0011,-1.2667,-0.7615,1.3750,0.3710,1.5371,-0.0717
-0.0002,-1.2675,-0.7623,1.3762,0.3708,1.5370,-0.0720
-0.0015,-1.2683,-0.7631,1.3774,0.3706,1.5370,-0.0723
-0.0028,-1.2691,-0.7639,1.3785,0.3705,1.5370,-0.0726
-0.0041,-1.2699,-0.7646,1.3796,0.3703,1.5370,-0.0729
-0.0053,-1.2707,-0.7654,1.3807,0.3701,1.5370,-0.0732
-0.0066,-1.2714,-0.7661,1.3818,0.3700,1.5370,-0.0735
-0.0079,-1.2722,-0.7668,1.3828,0.3698,1.5371,-0.0738
-0.0091,-1.2729,-0.7675,1.3838,0.3697,1.5371,-0.0741
-0.0104,-1.2736,-0.7682,1.3848,0.3695,1.5371,-0.0744
-0.0117,-1.2743,-0.7689,1.3858,0.3694,1.5372,-0.0746
-0.0129,-1.2750,-0.7696,1.3868,0.3693,1.5372,-0.0749
-0.0142,-1.2757,-0.7703,1.3877,0.3691,1.5372,-0.0752
-0.0154,-1.2764,-0.7710,1.3887,0.3690,1.5373,-0.0755
-0.0167,-1.2770,-0.7716,1.3896,0.3689,1.5373,-0.0757
-0.0179,-1.2777,-0.7723,1.3905,0.3688,1.5374,-0.0760
-0.0191,-1.2783,-0.7730,1.3913,0.3687,1.5375,-0.0763
-0.0204,-1.2789,-0.7736,1.3922,0.3686,1.5376,-0.0765
-0.0217,-1.2794,-0.7742,1.3930,0.3685,1.5378,-0.0768
-0.0231,-1.2797,-0.7749,1.3934,0.3684,1.5384,-0.0770
-0.0248,-1.2794,-0.7754,1.3932,0.3684,1.5408,-0.0773
-0.0263,-1.2794,-0.7760,1.3933,0.3684,1.5428,-0.0775
-0.0278,-1.2792,-0.7766,1.3932,0.3685,1.5447,-0.0778
-0.0295,-1.2790,-0.7772,1.3930,0.3685,1.5466,-0.0780
-0.0311,-1.2787,-0.7778,1.3928,0.3685,1.5485,-0.0782
-0.0328,-1.2783,-0.7784,1.3925,0.3685,1.5504,-0.0784
-0.0345,-1.2779,-0.7790,1.3921,0.3686,1.5523,-0.0787
-0.0363,-1.2774,-0.7796,1.3917,0.3686,1.5542,-0.0789
-0.0381,-1.2768,-0.7802,1.3912,0.3686,1.5561,-0.0791
-0.0400,-1.2762,-0.7808,1.3906,0.3685,1.5581,-0.0793
-0.0418,-1.2755,-0.7813,1.3900,0.3685,1.5600,-0.0795
-0.0438,-1.2748,-0.7819,1.3893,0.3685,1.5620,-0.0797
-0.0457,-1.2740,-0.7825,1.3885,0.3685,1.5639,-0.0799
-0.0477,-1.2731,-0.7831,1.3876,0.3685,1.5658,-0.0801
-0.0497,-1.2722,-0.7837,1.3867,0.3684,1.5677,-0.0803
-0.0518,-1.2713,-0.7843,1.3858,0.3684,1.5697,-0.0804
-0.0538,-1.2702,-0.7849,1.3848,0.3683,1.5716,-0.0806
-0.0559,-1.2692,-0.7855,1.3837,0.3683,1.5735,-0.0807
-0.0581,-1.2681,-0.7861,1.3825,0.3682,1.5753,-0.0809
-0.0602,-1.2669,-0.7867,1.3813,0.3682,1.5772,-0.0810
-0.0624,-1.2657,-0.7873,1.3801,0.3681,1.5790,-0.0812
-0.0646,-1.2644,-0.7879,1.3788,0.3680,1.5808,-0.0813
-0.0668,-1.2631,-0.7885,1.3774,0.3679,1.5826,-0.0814
-0.0691,-1.2617,-0.7890,1.3760,0.3679,1.5844,-0.0815
-0.0713,-1.2603,-0.7896,1.3745,0.3678,1.5861,-0.0816
-0.0736,-1.2589,-0.7902,1.3730,0.3677,1.5878,-0.0817
-0.0759,-1.2574,-0.7908,1.3714,0.3676,1.5895,-0.0818
-0.0782,-1.2559,-0.7914,1.3698,0.3675,1.5912,-0.0818
-0.0806,-1.2544,-0.7919,1.3682,0.3674,1.5928,-0.0819
-0.0829,-1.2528,-0.7925,1.3664,0.3673,1.5944,-0.0819
-0.0853,-1.2511,-0.7931,1.3647,0.3672,1.5959,-0.0820
-0.0877,-1.2494,-0.7937,1.3628,0.3670,1.5971,-0.0820
-0.0903,-1.2474,-0.7944,1.3606,0.3670,1.5980,-0.0820
-0.0929,-1.2454,-0.7950,1.3583,0.3670,1.5985,-0.0820
-0.0955,-1.2431,-0.7956,1.3557,0.3670,1.5985,-0.0820
-0.0982,-1.2406,-0.7961,1.3528,0.3672,1.5980,-0.0820
-0.1008,-1.2379,-0.7965,1.3497,0.3675,1.5971,-0.0820
-0.1032,-1.2351,-0.7967,1.3462,0.3680,1.5958,-0.0819
-0.1056,-1.2322,-0.7969,1.3427,0.3686,1.5942,-0.0819
-0.1079,-1.2292,-0.7969,1.3390,0.3693,1.5925,-0.0818
-0.1102,-1.2262,-0.7969,1.3353,0.3700,1.5907,-0.0817
-0.1124,-1.2233,-0.7969,1.3317,0.3707,1.5890,-0.0816
-0.1146,-1.2204,-0.7969,1.3281,0.3713,1.5873,-0.0815
-0.1168,-1.2175,-0.7969,1.3246,0.3720,1.5857,-0.0814
-0.1190,-1.2147,-0.7969,1.3210,0.3727,1.5840,-0.0812
-0.1211,-1.2118,-0.7969,1.3175,0.3734,1.5824,-0.0811
-0.1233,-1.2091,-0.7968,1.3140,0.3740,1.5808,-0.0809
-0.1254,-1.2063,-0.7968,1.3105,0.3747,1.5792,-0.0807
-0.1275,-1.2036,-0.7968,1.3071,0.3753,1.5776,-0.0805
-0.1296,-1.2009,-0.7968,1.3036,0.3760,1.5761,-0.0803
-0.1316,-1.1982,-0.7968,1.3002,0.3766,1.5745,-0.0801
-0.1337,-1.1955,-0.7967,1.2969,0.3773,1.5730,-0.0799
-0.1357,-1.1929,-0.7967,1.2935,0.3779,1.5715,-0.0796
-0.1377,-1.1903,-0.7967,1.2902,0.3785,1.5701,-0.0794
-0.1397,-1.1878,-0.7966,1.2869,0.3792,1.5686,-0.0791
-0.1416,-1.1852,-0.7966,1.2836,0.3798,1.5672,-0.0789
-0.1436,-1.1827,-0.7966,1.2803,0.3804,1.5657,-0.0786
-0.1455,-1.1802,-0.7965,1.2771,0.3810,1.5643,-0.0783
-0.1474,-1.1777,-0.7965,1.2739,0.3816,1.5629,-0.0780
-0.1493,-1.1753,-0.7964,1.2707,0.3822,1.5616,-0.0777
-0.1512,-1.1728,-0.7964,1.2675,0.3828,1.5602,-0.0774
-0.1531,-1.1704,-0.7963,1.2644,0.3834,1.5589,-0.0771
-0.1549,-1.1681,-0.7963,1.2612,0.3840,1.5576,-0.0768
-0.1567,-1.1657,-0.7962,1.2581,0.3845,1.5563,-0.0765
-0.1586,-1.1634,-0.7962,1.2551,0.3851,1.5550,-0.0761
-0.1603,-1.1611,-0.7961,1.2520,0.3857,1.5537,-0.0758
-0.1621,-1.1588,-0.7961,1.2490,0.3862,1.5524,-0.0755
-0.1639,-1.1565,-0.7960,1.2459,0.3868,1.5512,-0.0751
-0.1656,-1.1543,-0.7960,1.2430,0.3873,1.5500,-0.0748
-0.1674,-1.1520,-0.7959,1.2400,0.3879,1.5488,-0.0744
-0.1691,-1.1498,-0.7959,1.2370,0.3884,1.5476,-0.0740
-0.1708,-1.1477,-0.7958,1.2341,0.3889,1.5464,-0.0737
-0.1725,-1.1455,-0.7957,1.2312,0.3895,1.5452,-0.0733
-0.1741,-1.1434,-0.7957,1.2283,0.3900,1.5441,-0.0729
-0.1758,-1.1412,-0.7956,1.2254,0.3905,1.5429,-0.0726
-0.1774,-1.1391,-0.7956,1.2226,0.3910,1.5418,-0.0722
-0.1791,-1.1371,-0.7955,1.2198,0.3915,1.5407,-0.0718
-0.1807,-1.1350,-0.7954,1.2169,0.3920,1.5396,-0.0714
-0.1823,-1.1330,-0.7954,1.2142,0.3925,1.5385,-0.0710
-0.1839,-1.1310,-0.7953,1.2114,0.3930,1.5375,-0.0706
-0.1854,-1.1289,-0.7953,1.2086,0.3935,1.5364,-0.0702
-0.1870,-1.1270,-0.7952,1.2059,0.3940,1.5354,-0.0698
-0.1885,-1.1250,-0.7951,1.2032,0.3945,1.5344,-0.0694
-0.1901,-1.1231,-0.7951,1.2005,0.3949,1.5334,-0.0690
-0.1916,-1.1211,-0.7950,1.1979,0.3954,1.5324,-0.0686
-0.1931,-1.1192,-0.7949,1.1952,0.3959,1.5314,-0.0681
-0.1946,-1.1173,-0.7949,1.1926,0.3963,1.5304,-0.0677
-0.1960,-1.1155,-0.7948,1.1900,0.3968,1.5294,-0.0673
-0.1975,-1.1136,-0.7947,1.1874,0.3972,1.5285,-0.0669
-0.1989,-1.1118,-0.7947,1.1848,0.3977,1.5276,-0.0665
-0.2004,-1.1099,-0.7946,1.1822,0.3981,1.5266,-0.0660
-0.2018,-1.1081,-0.7945,1.1797,0.3986,1.5257,-0.0656
-0.2032,-1.1063,-0.7944,1.1772,0.3990,1.5248,-0.0652
-0.2046,-1.1046,-0.7944,1.1747,0.3994,1.5239,-0.0648
-0.2060,-1.1028,-0.7943,1.1722,0.3998,1.5231,-0.0643
-0.2074,-1.1011,-0.7942,1.1698,0.4003,1.5222,-0.0639
-0.2087,-1.0994,-0.7942,1.1673,0.4007,1.5213,-0.0635
-0.2101,-1.0977,-0.7941,1.1649,0.4011,1.5205,-0.0630
-0.2114,-1.0960,-0.7940,1.1625,0.4015,1.5197,-0.0626
-0.2127,-1.0943,-0.7940,1.1601,0.4019,1.5188,-0.0622
-0.2140,-1.0926,-0.7939,1.1577,0.4023,1.5180,-0.0617
-0.2153,-1.0910,-0.7938,1.1554,0.4027,1.5172,-0.0613
-0.2166,-1.0894,-0.7938,1.1530,0.4031,1.5164,-0.0609
-0.2179,-1.0877,-0.7937,1.1507,0.4034,1.5157,-0.0604
-0.2192,-1.0862,-0.7936,1.1484,0.4038,1.5149,-0.0600
-0.2204,-1.0846,-0.7935,1.1461,0.4042,1.5141,-0.0596
-0.2217,-1.0830,-0.7935,1.1439,0.4046,1.5134,-0.0591
-0.2229,-1.0814,-0.7934,1.1416,0.4049,1.5126,-0.0587
-0.2241,-1.0799,-0.7933,1.1394,0.4053,1.5119,-0.0583
-0.2253,-1.0784,-0.7933,1.1372,0.4057,1.5112,-0.0578
-0.2265,-1.0769,-0.7932,1.1350,0.4060,1.5105,-0.0574
-0.2277,-1.0754,-0.7931,1.1328,0.4064,1.5098,-0.0570
-0.2289,-1.0739,-0.7931,1.1306,0.4067,1.5091,-0.0565
-0.2301,-1.0724,-0.7930,1.1285,0.4071,1.5084,-0.0561
-0.2312,-1.0710,-0.7929,1.1263,0.4074,1.5077,-0.0557
-0.2324,-1.0695,-0.7929,1.1242,0.4077,1.5071,-0.0552
-0.2335,-1.0681,-0.7928,1.1221,0.4081,1.5064,-0.0548
-0.2346,-1.0667,-0.7927,1.1200,0.4084,1.5058,-0.0544
-0.2358,-1.0653,-0.7927,1.1180,0.4087,1.5051,-0.0540
-0.2369,-1.0639,-0.7926,1.1159,0.4090,1.5045,-0.0535
-0.2380,-1.0625,-0.7925,1.1139,0.4094,1.5039,-0.0531
-0.2391,-1.0611,-0.7925,1.1118,0.4097,1.5033,-0.0527
-0.2401,-1.0598,-0.7924,1.1098,0.4100,1.5026,-0.0523
-0.2412,-1.0584,-0.7923,1.1078,0.4103,1.5020,-0.0518
-0.2423,-1.0571,-0.7923,1.1059,0.4106,1.5015,-0.0514
-0.2433,-1.0558,-0.7922,1.1039,0.4109,1.5009,-0.0510
-0.2444,-1.0545,-0.7921,1.1020,0.4112,1.5003,-0.0506
-0.2454,-1.0532,-0.7921,1.1000,0.4115,1.4997,-0.0501
-0.2464,-1.0519,-0.7920,1.0981,0.4118,1.4992,-0.0497
-0.2474,-1.0507,-0.7919,1.0962,0.4121,1.4986,-0.0493
-0.2484,-1.0494,-0.7919,1.0943,0.4124,1.4981,-0.0489
-0.2494,-1.0482,-0.7918,1.0925,0.4126,1.4975,-0.0485
-0.2504,-1.0469,-0.7917,1.0906,0.4129,1.4970,-0.0481
-0.2514,-1.0457,-0.7917,1.0888,0.4132,1.4965,-0.0477
-0.2524,-1.0445,-0.7916,1.0869,0.4135,1.4960,-0.0472
-0.2533,-1.0433,-0.7915,1.0851,0.4137,1.4955,-0.0468
-0.2543,-1.0421,-0.7915,1.0833,0.4140,1.4950,-0.0464
-0.2552,-1.0409,-0.7914,1.0815,0.4143,1.4945,-0.0460
-0.2561,-1.0398,-0.7914,1.0798,0.4145,1.4940,-0.0456
-0.2571,-1.0386,-0.7913,1.0780,0.4148,1.4935,-0.0452
-0.2580,-1.0375,-0.7912,1.0763,0.4151,1.4930,-0.0448
-0.2589,-1.0363,-0.7912,1.0745,0.4153,1.4925,-0.0444
-0.2598,-1.0352,-0.7911,1.0728,0.4156,1.4921,-0.0440
-0.2607,-1.0341,-0.7910,1.0711,0.4158,1.4916,-0.0436
-0.2616,-1.0330,-0.7910,1.0694,0.4160,1.4912,-0.0432
-0.2625,-1.0319,-0.7909,1.0678,0.4163,1.4907,-0.0428
-0.2633,-1.0308,-0.7909,1.0661,0.4165,1.4903,-0.0425
-0.2642,-1.0297,-0.7908,1.0645,0.4168,1.4898,-0.0421
-0.2650,-1.0287,-0.7907,1.0628,0.4170,1.4894,-0.0417
-0.2659,-1.0276,-0.7907,1.0612,0.4172,1.4890,-0.0413
-0.2667,-1.0266,-0.7906,1.0596,0.4175,1.4886,-0.0409
-0.2676,-1.0255,-0.7906,1.0580,0.4177,1.4882,-0.0405
-0.2684,-1.0245,-0.7905,1.0564,0.4179,1.4878,-0.0402
-0.2692,-1.0235,-0.7905,1.0548,0.4181,1.4874,-0.0398
-0.2700,-1.0225,-0.7904,1.0533,0.4184,1.4870,-0.0394
-0.2708,-1.0215,-0.7903,1.0517,0.4186,1.4866,-0.0390
-0.2716,-1.0205,-0.7903,1.0502,0.4188,1.4862,-0.0387
-0.2724,-1.0195,-0.7902,1.0487,0.4190,1.4858,-0.0383
-0.2732,-1.0185,-0.7902,1.0472,0.4192,1.4854,-0.0379
-0.2740,-1.0176,-0.7901,1.0457,0.4194,1.4851,-0.0376
-0.2747,-1.0166,-0.7901,1.0442,0.4196,1.4847,-0.0372
-0.2755,-1.0157,-0.7900,1.0427,0.4198,1.4843,-0.0368
-0.2762,-1.0148,-0.7899,1.0413,0.4200,1.4840,-0.0365
-0.2770,-1.0138,-0.7899,1.0398,0.4202,1.4836,-0.0361
-0.2777,-1.0129,-0.7898,1.0384,0.4204,1.4833,-0.0358
-0.2785,-1.0120,-0.7898,1.0370,0.4206,1.4829,-0.0354
-0.2792,-1.0111,-0.7897,1.0356,0.4208,1.4826,-0.0351
-0.2799,-1.0102,-0.7897,1.0342,0.4210,1.4823,-0.0347
-0.2806,-1.0093,-0.7896,1.0328,0.4212,1.4819,-0.0344
-0.2813,-1.0085,-0.7896,1.0314,0.4214,1.4816,-0.0340
-0.2820,-1.0076,-0.7895,1.0300,0.4216,1.4813,-0.0337
-0.2827,-1.0067,-0.7895,1.0287,0.4217,1.4810,-0.0333
-0.2834,-1.0059,-0.7894,1.0273,0.4219,1.4807,-0.0330
-0.2841,-1.0050,-0.7894,1.0260,0.4221,1.4804,-0.0327
-0.2848,-1.0042,-0.7893,1.0247,0.4223,1.4801,-0.0323
-0.2854,-1.0034,-0.7893,1.0234,0.4225,1.4798,-0.0320
-0.2861,-1.0025,-0.7892,1.0221,0.4226,1.4795,-0.0317
-0.2868,-1.0017,-0.7892,1.0208,0.4228,1.4792,-0.0313
-0.2874,-1.0009,-0.7891,1.0195,0.4230,1.4789,-0.0310
-0.2880,-1.0001,-0.7891,1.0182,0.4231,1.4786,-0.0307
-0.2887,-0.9993,-0.7890,1.0170,0.4233,1.4783,-0.0304
-0.2893,-0.9986,-0.7890,1.0157,0.4235,1.4781,-0.0301
-0.2899,-0.9978,-0.7889,1.0145,0.4236,1.4778,-0.0297
-0.2906,-0.9970,-0.7889,1.0133,0.4238,1.4775,-0.0294
-0.2912,-0.9963,-0.7888,1.0121,0.4239,1.4773,-0.0291
-0.2918,-0.9955,-0.7888,1.0109,0.4241,1.4770,-0.0288
-0.2924,-0.9948,-0.7887,1.0097,0.4243,1.4767,-0.0285
-0.2930,-0.9940,-0.7887,1.0085,0.4244,1.4765,-0.0282
-0.2936,-0.9933,-0.7886,1.0073,0.4246,1.4762,-0.0279
-0.2942,-0.9926,-0.7886,1.0062,0.4247,1.4760,-0.0276
-0.2948,-0.9918,-0.7886,1.0050,0.4249,1.4757,-0.0273
-0.2954,-0.9911,-0.7885,1.0039,0.4250,1.4755,-0.0270
-0.2959,-0.9904,-0.7885,1.0027,0.4252,1.4753,-0.0267
-0.2965,-0.9897,-0.7884,1.0016,0.4253,1.4750,-0.0264
-0.2971,-0.9890,-0.7884,1.0005,0.4254,1.4748,-0.0261
-0.2976,-0.9883,-0.7883,0.9994,0.4256,1.4746,-0.0258
-0.2982,-0.9877,-0.7883,0.9983,0.4257,1.4743,-0.0255
-0.2987,-0.9870,-0.7882,0.9972,0.4259,1.4741,-0.0252
-0.2993,-0.9863,-0.7882,0.9961,0.4260,1.4739,-0.0250
-0.2998,-0.9856,-0.7882,0.9950,0.4261,1.4737,-0.0247
-0.3003,-0.9850,-0.7881,0.9940,0.4263,1.4735,-0.0244
-0.3009,-0.9843,-0.7881,0.9929,0.4264,1.4732,-0.0241
-0.3014,-0.9837,-0.7880,0.9919,0.4265,1.4730,-0.0238
-0.3019,-0.9831,-0.7880,0.9909,0.4266,1.4728,-0.0236
-0.3024,-0.9824,-0.7879,0.9898,0.4268,1.4726,-0.0233
-0.3029,-0.9818,-0.7879,0.9888,0.4269,1.4724,-0.0230
-0.3034,-0.9812,-0.7879,0.9878,0.4270,1.4722,-0.0228
-0.3039,-0.9806,-0.7878,0.9868,0.4272,1.4720,-0.0225
-0.3044,-0.9800,-0.7878,0.9858,0.4273,1.4718,-0.0222
-0.3049,-0.9794,-0.7877,0.9849,0.4274,1.4716,-0.0220
-0.3054,-0.9788,-0.7877,0.9839,0.4275,1.4715,-0.0217
-0.3059,-0.9782,-0.7877,0.9829,0.4276,1.4713,-0.0214
-0.3063,-0.9776,-0.7876,0.9820,0.4277,1.4711,-0.0212
-0.3068,-0.9770,-0.7876,0.9810,0.4279,1.4709,-0.0209
-0.3073,-0.9764,-0.7876,0.9801,0.4280,1.4707,-0.0207
-0.3078,-0.9759,-0.7875,0.9792,0.4281,1.4705,-0.0204
-0.3082,-0.9753,-0.7875,0.9782,0.4282,1.4704,-0.0202
-0.3087,-0.9747,-0.7874,0.9773,0.4283,1.4702,-0.0199
-0.3091,-0.9742,-0.7874,0.9764,0.4284,1.4700,-0.0197
-0.3096,-0.9736,-0.7874,0.9755,0.4285,1.4699,-0.0194
-0.3100,-0.9731,-0.7873,0.9746,0.4286,1.4697,-0.0192
-0.3104,-0.9726,-0.7873,0.9738,0.4287,1.4695,-0.0190
-0.3109,-0.9720,-0.7873,0.9729,0.4289,1.4694,-0.0187
-0.3113,-0.9715,-0.7872,0.9720,0.4290,1.4692,-0.0185
-0.3117,-0.9710,-0.7872,0.9712,0.4291,1.4691,-0.0183
-0.3122,-0.9705,-0.7872,0.9703,0.4292,1.4689,-0.0180
-0.3126,-0.9700,-0.7871,0.9695,0.4293,1.4688,-0.0178
-0.3130,-0.9694,-0.7871,0.9686,0.4294,1.4686,-0.0176
-0.3134,-0.9689,-0.7871,0.9678,0.4295,1.4685,-0.0173
-0.3138,-0.9684,-0.7870,0.9670,0.4296,1.4683,-0.0171
-0.3142,-0.9679,-0.7870,0.9662,0.4297,1.4682,-0.0169
-0.3146,-0.9675,-0.7870,0.9654,0.4298,1.4680,-0.0167
-0.3150,-0.9670,-0.7869,0.9646,0.4298,1.4679,-0.0165
-0.3154,-0.9665,-0.7869,0.9638,0.4299,1.4677,-0.0162
-0.3158,-0.9660,-0.7869,0.9630,0.4300,1.4676,-0.0160
-0.3162,-0.9656,-0.7868,0.9622,0.4301,1.4675,-0.0158
-0.3166,-0.9651,-0.7868,0.9614,0.4302,1.4673,-0.0156
-0.3169,-0.9646,-0.7868,0.9607,0.4303,1.4672,-0.0154
-0.3173,-0.9642,-0.7867,0.9599,0.4304,1.4671,-0.0152
-0.3177,-0.9637,-0.7867,0.9592,0.4305,1.4669,-0.0150
-0.3180,-0.9633,-0.7867,0.9584,0.4306,1.4668,-0.0148
-0.3184,-0.9628,-0.7866,0.9577,0.4307,1.4667,-0.0146
-0.3188,-0.9624,-0.7866,0.9570,0.4307,1.4666,-0.0144
-0.3191,-0.9619,-0.7866,0.9562,0.4308,1.4664,-0.0142
-0.3195,-0.9615,-0.7866,0.9555,0.4309,1.4663,-0.0140
-0.3198,-0.9611,-0.7865,0.9548,0.4310,1.4662,-0.0138
-0.3202,-0.9607,-0.7865,0.9541,0.4311,1.4661,-0.0136
-0.3205,-0.9602,-0.7865,0.9534,0.4312,1.4660,-0.0134
-0.3209,-0.9598,-0.7864,0.9527,0.4312,1.4658,-0.0132
-0.3212,-0.9594,-0.7864,0.9520,0.4313,1.4657,-0.0130
-0.3215,-0.9590,-0.7864,0.9513,0.4314,1.4656,-0.0128
-0.3219,-0.9586,-0.7863,0.9507,0.4315,1.4655,-0.0126
-0.3222,-0.9582,-0.7863,0.9500,0.4315,1.4654,-0.0124
-0.3225,-0.9578,-0.7863,0.9493,0.4316,1.4653,-0.0122
-0.3228,-0.9574,-0.7863,0.9487,0.4317,1.4652,-0.0121
-0.3232,-0.9570,-0.7862,0.9480,0.4318,1.4651,-0.0119
-0.3235,-0.9566,-0.7862,0.9474,0.4318,1.4650,-0.0117
-0.3238,-0.9563,-0.7862,0.9468,0.4319,1.4649,-0.0115
-0.3241,-0.9559,-0.7862,0.9461,0.4320,1.4648,-0.0113
-0.3244,-0.9555,-0.7861,0.9455,0.4321,1.4647,-0.0112
-0.3247,-0.9551,-0.7861,0.9449,0.4321,1.4646,-0.0110
-0.3250,-0.9548,-0.7861,0.9443,0.4322,1.4645,-0.0108
-0.3253,-0.9544,-0.7861,0.9437,0.4323,1.4644,-0.0106
-0.3256,-0.9540,-0.7860,0.9431,0.4323,1.4643,-0.0105
-0.3259,-0.9537,-0.7860,0.9425,0.4324,1.4642,-0.0103
-0.3262,-0.9533,-0.7860,0.9419,0.4325,1.4641,-0.0101
-0.3265,-0.9530,-0.7860,0.9413,0.4325,1.4640,-0.0100
-0.3267,-0.9526,-0.7859,0.9407,0.4326,1.4639,-0.0098
-0.3270,-0.9523,-0.7859,0.9401,0.4327,1.4638,-0.0097
-0.3273,-0.9520,-0.7859,0.9396,0.4327,1.4637,-0.0095
-0.3276,-0.9516,-0.7859,0.9390,0.4328,1.4636,-0.0093
-0.3279,-0.9513,-0.7858,0.9384,0.4329,1.4636,-0.0092
-0.3281,-0.9510,-0.7858,0.9379,0.4329,1.4635,-0.0090
-0.3284,-0.9506,-0.7858,0.9373,0.4330,1.4634,-0.0089
-0.3287,-0.9503,-0.7858,0.9368,0.4330,1.4633,-0.0087
-0.3289,-0.9500,-0.7857,0.9362,0.4331,1.4632,-0.0086
-0.3292,-0.9497,-0.7857,0.9357,0.4332,1.4631,-0.0084
-0.3294,-0.9493,-0.7857,0.9352,0.4332,1.4631,-0.0083
-0.3297,-0.9490,-0.7857,0.9347,0.4333,1.4630,-0.0081
-0.3300,-0.9487,-0.7857,0.9341,0.4333,1.4629,-0.0080
-0.3302,-0.9484,-0.7856,0.9336,0.4334,1.4628,-0.0078
-0.3305,-0.9481,-0.7856,0.9331,0.4334,1.4627,-0.0077
-0.3155,-0.9358,-0.8235,0.9300,0.4617,1.4679,-0.0181
-0.3013,-0.9231,-0.8608,0.9270,0.4902,1.4734,-0.0283
-0.2880,-0.9101,-0.8973,0.9241,0.5187,1.4790,-0.0382
-0.2755,-0.8968,-0.9331,0.9213,0.5472,1.4849,-0.0479
-0.2638,-0.8832,-0.9683,0.9186,0.5758,1.4910,-0.0574
-0.2529,-0.8693,-1.0027,0.9160,0.6043,1.4973,-0.0666
-0.2427,-0.8553,-1.0364,0.9136,0.6329,1.5038,-0.0755
-0.2334,-0.8411,-1.0693,0.9113,0.6613,1.5104,-0.0841
-0.2247,-0.8268,-1.1016,0.9092,0.6897,1.5172,-0.0925
-0.2167,-0.8124,-1.1332,0.9072,0.7179,1.5241,-0.1005
-0.2094,-0.7979,-1.1641,0.9053,0.7459,1.5312,-0.1083
-0.2027,-0.7834,-1.1943,0.9036,0.7738,1.5383,-0.1158
-0.1966,-0.7688,-1.2239,0.9021,0.8014,1.5456,-0.1231
-0.1911,-0.7543,-1.2528,0.9006,0.8289,1.5530,-0.1300
-0.1862,-0.7398,-1.2810,0.8994,0.8560,1.5604,-0.1367
-0.1818,-0.7253,-1.3086,0.8982,0.8829,1.5679,-0.1431
-0.1779,-0.7109,-1.3356,0.8972,0.9095,1.5754,-0.1492
-0.1745,-0.6966,-1.3620,0.8963,0.9359,1.5830,-0.1550
-0.1715,-0.6824,-1.3878,0.8956,0.9618,1.5906,-0.1606
-0.1690,-0.6683,-1.4130,0.8949,0.9875,1.5983,-0.1659
-0.1668,-0.6543,-1.4377,0.8944,1.0129,1.6060,-0.1709
-0.1651,-0.6405,-1.4618,0.8940,1.0378,1.6136,-0.1757
-0.1637,-0.6269,-1.4854,0.8937,1.0625,1.6213,-0.1802
-0.1626,-0.6134,-1.5084,0.8935,1.0868,1.6289,-0.1845
-0.1619,-0.6001,-1.5310,0.8933,1.1107,1.6366,-0.1886
-0.1614,-0.5869,-1.5530,0.8933,1.1343,1.6442,-0.1924
-0.1612,-0.5740,-1.5746,0.8933,1.1575,1.6518,-0.1960
-0.1613,-0.5612,-1.5956,0.8934,1.1803,1.6593,-0.1994
-0.1616,-0.5487,-1.6163,0.8936,1.2028,1.6668,-0.2026
-0.1622,-0.5363,-1.6365,0.8938,1.2249,1.6742,-0.2055
-0.1629,-0.5241,-1.6562,0.8941,1.2466,1.6816,-0.2083
-0.1639,-0.5122,-1.6755,0.8945,1.2680,1.6889,-0.2108
-0.1651,-0.5004,-1.6945,0.8949,1.2891,1.6962,-0.2132
-0.1664,-0.4889,-1.7130,0.8953,1.3097,1.7033,-0.2154
-0.1679,-0.4776,-1.7311,0.8958,1.3300,1.7104,-0.2174
-0.1695,-0.4665,-1.7488,0.8963,1.3500,1.7175,-0.2192
-0.1713,-0.4556,-1.7662,0.8969,1.3696,1.7244,-0.2209
-0.1732,-0.4449,-1.7832,0.8975,1.3889,1.7313,-0.2224
-0.1752,-0.4345,-1.7999,0.8981,1.4078,1.7381,-0.2238
-0.1774,-0.4242,-1.8162,0.8988,1.4264,1.7448,-0.2250
-0.1796,-0.4142,-1.8321,0.8995,1.4447,1.7514,-0.2260
-0.1820,-0.4044,-1.8478,0.9002,1.4626,1.7579,-0.2270
-0.1844,-0.3947,-1.8631,0.9009,1.4802,1.7643,-0.2278
-0.1869,-0.3853,-1.8781,0.9016,1.4975,1.7706,-0.2284
-0.1894,-0.3761,-1.8928,0.9023,1.5145,1.7768,-0.2290
-0.1921,-0.3671,-1.9072,0.9031,1.5311,1.7829,-0.2294
-0.1948,-0.3583,-1.9213,0.9039,1.5475,1.7890,-0.2298
-0.1975,-0.3497,-1.9351,0.9046,1.5636,1.7949,-0.2300
-0.2003,-0.3413,-1.9487,0.9054,1.5793,1.8007,-0.2301
-0.2031,-0.3330,-1.9619,0.9062,1.5948,1.8064,-0.2302
-0.2060,-0.3250,-1.9749,0.9070,1.6100,1.8121,-0.2301
-0.2089,-0.3172,-1.9877,0.9077,1.6249,1.8176,-0.2300
-0.2118,-0.3095,-2.0002,0.9085,1.6396,1.8230,-0.2297
-0.2147,-0.3020,-2.0124,0.9093,1.6539,1.8284,-0.2294
-0.2177,-0.2947,-2.0244,0.9101,1.6680,1.8336,-0.2290
-0.2207,-0.2875,-2.0362,0.9108,1.6819,1.8387,-0.2286
-0.2237,-0.2806,-2.0477,0.9116,1.6954,1.8437,-0.2280
-0.2267,-0.2738,-2.0590,0.9124,1.7088,1.8487,-0.2275
-0.2297,-0.2671,-2.0700,0.9131,1.7218,1.8535,-0.2268
-0.2327,-0.2607,-2.0809,0.9139,1.7347,1.8582,-0.2261
-0.2357,-0.2543,-2.0915,0.9146,1.7473,1.8629,-0.2254
-0.2387,-0.2482,-2.1019,0.9153,1.7596,1.8674,-0.2246
-0.2417,-0.2421,-2.1121,0.9161,1.7717,1.8719,-0.2237
-0.2447,-0.2363,-2.1221,0.9168,1.7836,1.8763,-0.2228
-0.2477,-0.2306,-2.1319,0.9175,1.7953,1.8805,-0.2219
-0.2507,-0.2250,-2.1416,0.9182,1.8067,1.8847,-0.2209
-0.2536,-0.2195,-2.1510,0.9189,1.8180,1.8888,-0.2199
-0.2566,-0.2142,-2.1602,0.9195,1.8290,1.8928,-0.2189
-0.2595,-0.2091,-2.1693,0.9202,1.8398,1.8967,-0.2178
-0.2624,-0.2040,-2.1781,0.9209,1.8504,1.9006,-0.2167
-0.2653,-0.1991,-2.1868,0.9215,1.8608,1.9043,-0.2156
-0.2682,-0.1943,-2.1954,0.9221,1.8710,1.9080,-0.2144
-0.2710,-0.1896,-2.2037,0.9227,1.8810,1.9116,-0.2133
-0.2738,-0.1851,-2.2119,0.9233,1.8909,1.9151,-0.2121
-0.2766,-0.1806,-2.2199,0.9239,1.9005,1.9185,-0.2109
-0.2794,-0.1763,-2.2278,0.9245,1.9099,1.9218,-0.2096
-0.2822,-0.1721,-2.2355,0.9251,1.9192,1.9251,-0.2084
-0.2849,-0.1680,-2.2431,0.9257,1.9283,1.9283,-0.2072
-0.2876,-0.1639,-2.2505,0.9262,1.9372,1.9315,-0.2059
-0.2902,-0.1600,-2.2578,0.9267,1.9460,1.9345,-0.2046
-0.2929,-0.1562,-2.2649,0.9273,1.9546,1.9375,-0.2033
-0.2955,-0.1525,-2.2719,0.9278,1.9630,1.9404,-0.2021
-0.2981,-0.1489,-2.2787,0.9283,1.9712,1.9433,-0.2008
-0.3006,-0.1454,-2.2854,0.9288,1.9793,1.9461,-0.1995
-0.3031,-0.1419,-2.2920,0.9292,1.9873,1.9488,-0.1982
-0.3056,-0.1386,-2.2984,0.9297,1.9951,1.9514,-0.1969
-0.3081,-0.1353,-2.3047,0.9302,2.0027,1.9540,-0.1956
-0.3105,-0.1321,-2.3109,0.9306,2.0102,1.9566,-0.1943
-0.3129,-0.1290,-2.3170,0.9311,2.0176,1.9590,-0.1930
-0.3153,-0.1260,-2.3229,0.9315,2.0248,1.9615,-0.1917
-0.3176,-0.1230,-2.3288,0.9319,2.0318,1.9638,-0.1904
-0.3199,-0.1201,-2.3345,0.9323,2.0388,1.9661,-0.1891
-0.3222,-0.1173,-2.3401,0.9327,2.0456,1.9684,-0.1878
-0.3244,-0.1146,-2.3456,0.9331,2.0522,1.9706,-0.1866
-0.3266,-0.1119,-2.3509,0.9334,2.0588,1.9727,-0.1853
-0.3288,-0.1093,-2.3562,0.9338,2.0652,1.9748,-0.1840
-0.3310,-0.1068,-2.3614,0.9342,2.0715,1.9769,-0.1828
-0.3331,-0.1043,-2.3665,0.9345,2.0776,1.9788,-0.1815
-0.3352,-0.1019,-2.3714,0.9348,2.0837,1.9808,-0.1803
-0.3372,-0.0996,-2.3763,0.9352,2.0896,1.9827,-0.1790
-0.3392,-0.0973,-2.3810,0.9355,2.0954,1.9846,-0.1778
-0.3412,-0.0951,-2.3857,0.9358,2.1011,1.9864,-0.1766
-0.3432,-0.0929,-2.3903,0.9361,2.1067,1.9881,-0.1754
-0.3451,-0.0908,-2.3948,0.9364,2.1122,1.9899,-0.1742
-0.3470,-0.0887,-2.3992,0.9367,2.1176,1.9915,-0.1730
-0.3489,-0.0867,-2.4035,0.9370,2.1229,1.9932,-0.1719
-0.3507,-0.0847,-2.4077,0.9372,2.1280,1.9948,-0.1707
-0.3526,-0.0828,-2.4119,0.9375,2.1331,1.9964,-0.1695
-0.3543,-0.0809,-2.4159,0.9377,2.1381,1.9979,-0.1684
-0.3561,-0.0791,-2.4199,0.9380,2.1429,1.9994,-0.1673
-0.3578,-0.0773,-2.4238,0.9382,2.1477,2.0008,-0.1662
-0.3595,-0.0756,-2.4276,0.9385,2.1524,2.0023,-0.1651
-0.3612,-0.0739,-2.4314,0.9387,2.1570,2.0036,-0.1640
-0.3628,-0.0722,-2.4350,0.9389,2.1615,2.0050,-0.1629
-0.3645,-0.0706,-2.4386,0.9391,2.1659,2.0063,-0.1618
-0.3661,-0.0691,-2.4422,0.9393,2.1702,2.0076,-0.1608
-0.3676,-0.0675,-2.4456,0.9395,2.1745,2.0089,-0.1597
-0.3692,-0.0660,-2.4490,0.9397,2.1786,2.0101,-0.1587
-0.3707,-0.0646,-2.4523,0.9399,2.1827,2.0113,-0.1577
-0.3722,-0.0631,-2.4556,0.9401,2.1867,2.0125,-0.1567
-0.3736,-0.0618,-2.4588,0.9403,2.1906,2.0136,-0.1557
-0.3751,-0.0604,-2.4619,0.9404,2.1945,2.0147,-0.1547
-0.3765,-0.0591,-2.4649,0.9406,2.1983,2.0158,-0.1537
-0.3779,-0.0578,-2.4679,0.9407,2.2020,2.0169,-0.1528
-0.3792,-0.0565,-2.4709,0.9409,2.2056,2.0179,-0.1518
-0.3806,-0.0553,-2.4738,0.9410,2.2091,2.0189,-0.1509
-0.3819,-0.0541,-2.4766,0.9412,2.2126,2.0199,-0.1500
-0.3832,-0.0529,-2.4794,0.9413,2.2160,2.0208,-0.1491
-0.3845,-0.0518,-2.4821,0.9415,2.2194,2.0218,-0.1482
-0.3857,-0.0506,-2.4847,0.9416,2.2226,2.0227,-0.1473
-0.3870,-0.0496,-2.4873,0.9417,2.2259,2.0236,-0.1465
-0.3882,-0.0485,-2.4899,0.9418,2.2290,2.0245,-0.1456
-0.3893,-0.0475,-2.4924,0.9420,2.2321,2.0253,-0.1448
-0.3905,-0.0464,-2.4948,0.9421,2.2351,2.0261,-0.1440
-0.3917,-0.0454,-2.4972,0.9422,2.2381,2.0270,-0.1431
-0.3928,-0.0445,-2.4996,0.9423,2.2410,2.0278,-0.1423
-0.3939,-0.0435,-2.5019,0.9424,2.2439,2.0285,-0.1415
-0.3950,-0.0426,-2.5042,0.9425,2.2467,2.0293,-0.1408
-0.3960,-0.0417,-2.5064,0.9426,2.2494,2.0300,-0.1400
-0.3971,-0.0408,-2.5086,0.9427,2.2521,2.0307,-0.1392
-0.3981,-0.0400,-2.5107,0.9428,2.2547,2.0314,-0.1385
-0.3991,-0.0391,-2.5128,0.9428,2.2573,2.0321,-0.1378
-0.4001,-0.0383,-2.5148,0.9429,2.2599,2.0328,-0.1370
-0.4011,-0.0375,-2.5168,0.9430,2.2623,2.0334,-0.1363
-0.4021,-0.0367,-2.5188,0.9431,2.2648,2.0341,-0.1356
-0.4030,-0.0360,-2.5207,0.9431,2.2672,2.0347,-0.1349
-0.4039,-0.0352,-2.5226,0.9432,2.2695,2.0353,-0.1343
-0.4048,-0.0345,-2.5244,0.9433,2.2718,2.0359,-0.1336
-0.4057,-0.0338,-2.5262,0.9433,2.2741,2.0365,-0.1329
-0.4066,-0.0331,-2.5280,0.9434,2.2763,2.0370,-0.1323
-0.4074,-0.0324,-2.5298,0.9435,2.2784,2.0376,-0.1317
-0.4083,-0.0318,-2.5315,0.9435,2.2805,2.0381,-0.1310
-0.4091,-0.0311,-2.5331,0.9436,2.2826,2.0386,-0.1304
-0.4099,-0.0305,-2.5348,0.9436,2.2846,2.0391,-0.1298
-0.4107,-0.0299,-2.5364,0.9437,2.2866,2.0396,-0.1292
-0.4115,-0.0292,-2.5380,0.9437,2.2886,2.0401,-0.1286
-0.4123,-0.0287,-2.5395,0.9437,2.2905,2.0406,-0.1281
-0.4130,-0.0281,-2.5410,0.9438,2.2924,2.0411,-0.1275
-0.4138,-0.0275,-2.5425,0.9438,2.2942,2.0415,-0.1269
-0.4145,-0.0270,-2.5439,0.9439,2.2960,2.0420,-0.1264
-0.4152,-0.0264,-2.5454,0.9439,2.2978,2.0424,-0.1259
-0.4159,-0.0259,-2.5467,0.9439,2.2995,2.0428,-0.1253
-0.4166,-0.0254,-2.5481,0.9440,2.3012,2.0432,-0.1248
-0.4173,-0.0249,-2.5495,0.9440,2.3029,2.0436,-0.1243
-0.4179,-0.0244,-2.5508,0.9440,2.3045,2.0440,-0.1238
-0.4186,-0.0239,-2.5520,0.9440,2.3061,2.0444,-0.1233
-0.4192,-0.0234,-2.5533,0.9441,2.3077,2.0448,-0.1228
-0.4199,-0.0230,-2.5545,0.9441,2.3093,2.0451,-0.1223
-0.4205,-0.0225,-2.5558,0.9441,2.3108,2.0455,-0.1219
-0.4211,-0.0221,-2.5569,0.9441,2.3122,2.0458,-0.1214
-0.4217,-0.0217,-2.5581,0.9441,2.3137,2.0462,-0.1210
-0.4223,-0.0213,-2.5592,0.9442,2.3151,2.0465,-0.1205
-0.4228,-0.0208,-2.5604,0.9442,2.3165,2.0468,-0.1201
-0.4234,-0.0204,-2.5614,0.9442,2.3179,2.0471,-0.1196
-0.4239,-0.0201,-2.5625,0.9442,2.3192,2.0474,-0.1192
-0.4245,-0.0197,-2.5636,0.9442,2.3205,2.0477,-0.1188
-0.4250,-0.0193,-2.5646,0.9442,2.3218,2.0480,-0.1184
-0.4255,-0.0189,-2.5656,0.9442,2.3231,2.0483,-0.1180
-0.4260,-0.0186,-2.5666,0.9442,2.3243,2.0486,-0.1176
-0.4265,-0.0182,-2.5676,0.9442,2.3255,2.0488,-0.1172
-0.4270,-0.0179,-2.5685,0.9442,2.3267,2.0491,-0.1168
-0.4275,-0.0175,-2.5694,0.9443,2.3279,2.0494,-0.1164
-0.4280,-0.0172,-2.5703,0.9443,2.3290,2.0496,-0.1161
-0.4284,-0.0169,-2.5712,0.9443,2.3301,2.0498,-0.1157
-0.4289,-0.0166,-2.5721,0.9443,2.3312,2.0501,-0.1154
-0.4294,-0.0163,-2.5730,0.9443,2.3323,2.0503,-0.1150
-0.4298,-0.0160,-2.5738,0.9443,2.3333,2.0505,-0.1147
-0.4302,-0.0157,-2.5746,0.9443,2.3344,2.0508,-0.1143
-0.4306,-0.0154,-2.5754,0.9443,2.3354,2.0510,-0.1140
-0.4311,-0.0151,-2.5762,0.9443,2.3364,2.0512,-0.1137
-0.4315,-0.0149,-2.5770,0.9442,2.3373,2.0514,-0.1133
-0.4319,-0.0146,-2.5778,0.9442,2.3383,2.0516,-0.1130
-0.4323,-0.0143,-2.5785,0.9442,2.3392,2.0518,-0.1127
-0.4326,-0.0141,-2.5792,0.9442,2.3401,2.0520,-0.1124
-0.4330,-0.0138,-2.5800,0.9442,2.3410,2.0522,-0.1121
-0.4334,-0.0136,-2.5807,0.9442,2.3419,2.0523,-0.1118
-0.4338,-0.0133,-2.5813,0.9442,2.3428,2.0525,-0.1115
-0.4341,-0.0131,-2.5820,0.9442,2.3436,2.0527,-0.1112
-0.4345,-0.0129,-2.5827,0.9442,2.3444,2.0529,-0.1110
-0.4348,-0.0127,-2.5833,0.9442,2.3452,2.0530,-0.1107
-0.4352,-0.0124,-2.5840,0.9442,2.3460,2.0532,-0.1104
-0.4355,-0.0122,-2.5846,0.9442,2.3468,2.0533,-0.1102
-0.4358,-0.0120,-2.5852,0.9441,2.3476,2.0535,-0.1099
-0.4361,-0.0118,-2.5858,0.9441,2.3483,2.0536,-0.1096
-0.4364,-0.0116,-2.5864,0.9441,2.3491,2.0538,-0.1094
-0.4368,-0.0114,-2.5869,0.9441,2.3498,2.0539,-0.1092
-0.4371,-0.0112,-2.5875,0.9441,2.3505,2.0540,-0.1089
-0.4374,-0.0110,-2.5880,0.9441,2.3512,2.0542,-0.1087
-0.4376,-0.0109,-2.5886,0.9441,2.3519,2.0543,-0.1084
-0.4379,-0.0107,-2.5891,0.9441,2.3525,2.0544,-0.1082
-0.4382,-0.0105,-2.5896,0.9440,2.3532,2.0546,-0.1080
-0.4385,-0.0103,-2.5901,0.9440,2.3538,2.0547,-0.1078
-0.4388,-0.0102,-2.5906,0.9440,2.3544,2.0548,-0.1075
-0.4390,-0.0100,-2.5911,0.9440,2.3550,2.0549,-0.1073
-0.4393,-0.0099,-2.5916,0.9440,2.3557,2.0550,-0.1071
-0.4395,-0.0097,-2.5921,0.9440,2.3562,2.0551,-0.1069
-0.4398,-0.0095,-2.5925,0.9439,2.3568,2.0552,-0.1067
-0.4400,-0.0094,-2.5930,0.9439,2.3574,2.0553,-0.1065
-0.4403,-0.0092,-2.5934,0.9439,2.3579,2.0554,-0.1063
-0.4405,-0.0091,-2.5938,0.9439,2.3585,2.0555,-0.1061
-0.4407,-0.0090,-2.5943,0.9439,2.3590,2.0556,-0.1059
-0.4410,-0.0088,-2.5947,0.9438,2.3595,2.0557,-0.1058
-0.4412,-0.0087,-2.5951,0.9438,2.3600,2.0558,-0.1056
-0.4414,-0.0086,-2.5955,0.9438,2.3605,2.0559,-0.1054
-0.4416,-0.0084,-2.5959,0.9438,2.3610,2.0560,-0.1052
-0.4418,-0.0083,-2.5962,0.9438,2.3615,2.0560,-0.1050
-0.4421,-0.0082,-2.5966,0.9438,2.3620,2.0561,-0.1049
-0.4423,-0.0081,-2.5970,0.9437,2.3625,2.0562,-0.1047
-0.4425,-0.0080,-2.5973,0.9437,2.3629,2.0563,-0.1045
-0.4427,-0.0078,-2.5977,0.9437,2.3634,2.0564,-0.1044
-0.4429,-0.0077,-2.5980,0.9437,2.3638,2.0564,-0.1042
-0.4430,-0.0076,-2.5984,0.9437,2.3642,2.0565,-0.1041
-0.4432,-0.0075,-2.5987,0.9436,2.3646,2.0566,-0.1039
-0.4434,-0.0074,-2.5990,0.9436,2.3650,2.0566,-0.1038
-0.4436,-0.0073,-2.5993,0.9436,2.3654,2.0567,-0.1036
-0.4438,-0.0072,-2.5997,0.9436,2.3658,2.0568,-0.1035
-0.4439,-0.0071,-2.6000,0.9435,2.3662,2.0568,-0.1033
-0.4441,-0.0070,-2.6003,0.9435,2.3666,2.0569,-0.1032
-0.4443,-0.0069,-2.6006,0.9435,2.3670,2.0569,-0.1031
-0.4444,-0.0068,-2.6008,0.9435,2.3673,2.0570,-0.1029
-0.4446,-0.0067,-2.6011,0.9435,2.3677,2.0570,-0.1028
-0.4448,-0.0066,-2.6014,0.9434,2.3680,2.0571,-0.1027
-0.4449,-0.0066,-2.6017,0.9434,2.3684,2.0571,-0.1025
-0.4451,-0.0065,-2.6019,0.9434,2.3687,2.0572,-0.1024
-0.4452,-0.0064,-2.6022,0.9434,2.3691,2.0572,-0.1023
-0.4454,-0.0063,-2.6024,0.9434,2.3694,2.0573,-0.1022
-0.4455,-0.0062,-2.6027,0.9433,2.3697,2.0573,-0.1020
-0.4456,-0.0062,-2.6029,0.9433,2.3700,2.0574,-0.1019
-0.4458,-0.0061,-2.6032,0.9433,2.3703,2.0574,-0.1018
-0.4459,-0.0060,-2.6034,0.9433,2.3706,2.0575,-0.1017
-0.4461,-0.0059,-2.6036,0.9432,2.3709,2.0575,-0.1016
-0.4462,-0.0059,-2.6039,0.9432,2.3712,2.0575,-0.1015
-0.4463,-0.0058,-2.6041,0.9432,2.3715,2.0576,-0.1014
-0.4464,-0.0057,-2.6043,0.9432,2.3717,2.0576,-0.1013
-0.4466,-0.0057,-2.6045,0.9432,2.3720,2.0576,-0.1012
-0.4467,-0.0056,-2.6047,0.9431,2.3723,2.0577,-0.1011
-0.4468,-0.0055,-2.6049,0.9431,2.3725,2.0577,-0.1010
-0.4469,-0.0055,-2.6051,0.9431,2.3728,2.0577,-0.1009
-0.4470,-0.0054,-2.6053,0.9431,2.3730,2.0578,-0.1008
-0.4472,-0.0054,-2.6055,0.9431,2.3733,2.0578,-0.1007
-0.4473,-0.0053,-2.6057,0.9430,2.3735,2.0578,-0.1006
-0.4474,-0.0053,-2.6059,0.9430,2.3737,2.0579,-0.1005
-0.4475,-0.0052,-2.6061,0.9430,2.3740,2.0579,-0.1004
-0.4476,-0.0051,-2.6062,0.9430,2.3742,2.0579,-0.1003
-0.4477,-0.0051,-2.6064,0.9429,2.3744,2.0579,-0.1002
-0.4478,-0.0050,-2.6066,0.9429,2.3746,2.0580,-0.1001
-0.4479,-0.0050,-2.6067,0.9429,2.3748,2.0580,-0.1000
-0.4480,-0.0049,-2.6069,0.9429,2.3751,2.0580,-0.1000
-0.4481,-0.0049,-2.6071,0.9429,2.3753,2.0580,-0.0999
-0.4482,-0.0049,-2.6072,0.9428,2.3755,2.0580,-0.0998
-0.4483,-0.0048,-2.6074,0.9428,2.3757,2.0581,-0.0997
-0.4484,-0.0048,-2.6075,0.9428,2.3758,2.0581,-0.0996
-0.4485,-0.0047,-2.6077,0.9428,2.3760,2.0581,-0.0996
-0.4485,-0.0047,-2.6078,0.9428,2.3762,2.0581,-0.0995
-0.4486,-0.0046,-2.6080,0.9427,2.3764,2.0581,-0.0994
-0.4487,-0.0046,-2.6081,0.9427,2.3766,2.0581,-0.0993
-0.4488,-0.0046,-2.6082,0.9427,2.3767,2.0582,-0.0993
-0.4489,-0.0045,-2.6084,0.9427,2.3769,2.0582,-0.0992
-0.4490,-0.0045,-2.6085,0.9427,2.3771,2.0582,-0.0991
-0.4490,-0.0044,-2.6086,0.9426,2.3772,2.0582,-0.0991
-0.4491,-0.0044,-2.6087,0.9426,2.3774,2.0582,-0.0990
-0.4492,-0.0044,-2.6089,0.9426,2.3776,2.0582,-0.0989
-0.4493,-0.0043,-2.6090,0.9426,2.3777,2.0582,-0.0989
-0.4493,-0.0043,-2.6091,0.9426,2.3779,2.0583,-0.0988
-0.4494,-0.0043,-2.6092,0.9425,2.3780,2.0583,-0.0987
-0.4495,-0.0042,-2.6093,0.9425,2.3782,2.0583,-0.0987
-0.4496,-0.0042,-2.6094,0.9425,2.3783,2.0583,-0.0986
-0.4496,-0.0042,-2.6096,0.9425,2.3784,2.0583,-0.0986
-0.4497,-0.0041,-2.6097,0.9425,2.3786,2.0583,-0.0985
-0.4498,-0.0041,-2.6098,0.9424,2.3787,2.0583,-0.0984
-0.4498,-0.0041,-2.6099,0.9424,2.3788,2.0583,-0.0984
-0.4499,-0.0041,-2.6100,0.9424,2.3790,2.0583,-0.0983
-0.4499,-0.0040,-2.6101,0.9424,2.3791,2.0583,-0.0983
-0.4500,-0.0040,-2.6102,0.9424,2.3792,2.0583,-0.0982
-0.4501,-0.0040,-2.6102,0.9423,2.3793,2.0584,-0.0982
-0.4501,-0.0040,-2.6103,0.9423,2.3795,2.0584,-0.0981
-0.4502,-0.0039,-2.6104,0.9423,2.3796,2.0584,-0.0981
-0.4502,-0.0039,-2.6105,0.9423,2.3797,2.0584,-0.0980
-0.4503,-0.0039,-2.6106,0.9423,2.3798,2.0584,-0.0980
-0.4504,-0.0039,-2.6107,0.9422,2.3799,2.0584,-0.0979
-0.4504,-0.0038,-2.6108,0.9422,2.3800,2.0584,-0.0979
-0.4505,-0.0038,-2.6109,0.9422,2.3801,2.0584,-0.0978
-0.4505,-0.0038,-2.6109,0.9422,2.3802,2.0584,-0.0978
-0.4506,-0.0038,-2.6110,0.9422,2.3803,2.0584,-0.0977
-0.4506,-0.0037,-2.6111,0.9422,2.3804,2.0584,-0.0977
-0.4507,-0.0037,-2.6112,0.9421,2.3805,2.0584,-0.0976
-0.4507,-0.0037,-2.6112,0.9421,2.3806,2.0584,-0.0976
-0.4508,-0.0037,-2.6113,0.9421,2.3807,2.0584,-0.0976
-0.4508,-0.0037,-2.6114,0.9421,2.3808,2.0584,-0.0975
-0.4509,-0.0037,-2.6114,0.9421,2.3809,2.0584,-0.0975
-0.4509,-0.0036,-2.6115,0.9420,2.3810,2.0584,-0.0974
-0.4509,-0.0036,-2.6116,0.9420,2.3811,2.0584,-0.0974
-0.4510,-0.0036,-2.6116,0.9420,2.3812,2.0584,-0.0974
-0.4510,-0.0036,-2.6117,0.9420,2.3812,2.0584,-0.0973
-0.4511,-0.0036,-2.6118,0.9420,2.3813,2.0584,-0.0973
-0.4511,-0.0036,-2.6118,0.9420,2.3814,2.0584,-0.0972
-0.4512,-0.0035,-2.6119,0.9419,2.3815,2.0584,-0.0972
-0.4512,-0.0035,-2.6120,0.9419,2.3816,2.0584,-0.0972
-0.4512,-0.0035,-2.6120,0.9419,2.3816,2.0584,-0.0971
-0.4513,-0.0035,-2.6121,0.9419,2.3817,2.0584,-0.0971
-0.4513,-0.0035,-2.6121,0.9419,2.3818,2.0584,-0.0971
-0.4514,-0.0035,-2.6122,0.9419,2.3818,2.0584,-0.0970
-0.4514,-0.0035,-2.6122,0.9418,2.3819,2.0584,-0.0970
-0.4514,-0.0034,-2.6123,0.9418,2.3820,2.0584,-0.0970
-0.4515,-0.0034,-2.6123,0.9418,2.3820,2.0584,-0.0969
-0.4515,-0.0034,-2.6124,0.9418,2.3821,2.0584,-0.0969
-0.4515,-0.0034,-2.6124,0.9418,2.3822,2.0584,-0.0969
-0.4516,-0.0034,-2.6125,0.9418,2.3822,2.0584,-0.0968
-0.4516,-0.0034,-2.6125,0.9418,2.3823,2.0584,-0.0968
-0.4516,-0.0034,-2.6126,0.9417,2.3824,2.0584,-0.0968
-0.4517,-0.0034,-2.6126,0.9417,2.3824,2.0584,-0.0968
-0.4517,-0.0033,-2.6127,0.9417,2.3825,2.0584,-0.0967
-0.4517,-0.0033,-2.6127,0.9417,2.3825,2.0584,-0.0967
-0.4518,-0.0033,-2.6127,0.9417,2.3826,2.0584,-0.0967
-0.4518,-0.0033,-2.6128,0.9417,2.3826,2.0584,-0.0966
-0.4518,-0.0033,-2.6128,0.9416,2.3827,2.0584,-0.0966
-0.4519,-0.0033,-2.6129,0.9416,2.3828,2.0584,-0.0966
-0.4519,-0.0033,-2.6129,0.9416,2.3828,2.0584,-0.0966
-0.4519,-0.0033,-2.6129,0.9416,2.3829,2.0584,-0.0965
-0.4519,-0.0033,-2.6130,0.9416,2.3829,2.0584,-0.0965
-0.4520,-0.0033,-2.6130,0.9416,2.3830,2.0584,-0.0965
-0.4520,-0.0033,-2.6130,0.9416,2.3830,2.0584,-0.0965
-0.4520,-0.0033,-2.6131,0.9416,2.3830,2.0583,-0.0964
-0.4520,-0.0032,-2.6131,0.9415,2.3831,2.0583,-0.0964
-0.4521,-0.0032,-2.6132,0.9415,2.3831,2.0583,-0.0964
-0.4521,-0.0032,-2.6132,0.9415,2.3832,2.0583,-0.0964
-0.4521,-0.0032,-2.6132,0.9415,2.3832,2.0583,-0.0963
-0.4521,-0.0032,-2.6132,0.9415,2.3833,2.0583,-0.0963
-0.4522,-0.0032,-2.6133,0.9415,2.3833,2.0583,-0.0963
-0.4522,-0.0032,-2.6133,0.9415,2.3833,2.0583,-0.0963
-0.4522,-0.0032,-2.6133,0.9414,2.3834,2.0583,-0.0963
-0.4522,-0.0032,-2.6134,0.9414,2.3834,2.0583,-0.0962
-0.4523,-0.0032,-2.6134,0.9414,2.3835,2.0583,-0.0962
-0.4523,-0.0032,-2.6134,0.9414,2.3835,2.0583,-0.0962
-0.4523,-0.0032,-2.6135,0.9414,2.3835,2.0583,-0.0962
-0.4523,-0.0032,-2.6135,0.9414,2.3836,2.0583,-0.0962
-0.4523,-0.0032,-2.6135,0.9414,2.3836,2.0583,-0.0961
-0.4524,-0.0032,-2.6135,0.9414,2.3836,2.0583,-0.0961
-0.4524,-0.0032,-2.6136,0.9413,2.3837,2.0583,-0.0961
-0.4524,-0.0031,-2.6136,0.9413,2.3837,2.0583,-0.0961
-0.4524,-0.0031,-2.6136,0.9413,2.3837,2.0583,-0.0961
-0.4524,-0.0031,-2.6136,0.9413,2.3838,2.0583,-0.0960
-0.4525,-0.0031,-2.6137,0.9413,2.3838,2.0583,-0.0960
-0.4525,-0.0031,-2.6137,0.9413,2.3838,2.0583,-0.0960
-0.4525,-0.0031,-2.6137,0.9413,2.3839,2.0582,-0.0960
-0.4525,-0.0031,-2.6137,0.9413,2.3839,2.0582,-0.0960
-0.4525,-0.0031,-2.6137,0.9412,2.3839,2.0582,-0.0960
-0.4526,-0.0031,-2.6138,0.9412,2.3840,2.0582,-0.0959
-0.4526,-0.0031,-2.6138,0.9412,2.3840,2.0582,-0.0959
-0.4526,-0.0031,-2.6138,0.9412,2.3840,2.0582,-0.0959
-0.4526,-0.0031,-2.6138,0.9412,2.3840,2.0582,-0.0959
-0.4526,-0.0031,-2.6138,0.9412,2.3841,2.0582,-0.0959
-0.4526,-0.0031,-2.6139,0.9412,2.3841,2.0582,-0.0959
-0.4527,-0.0031,-2.6139,0.9412,2.3841,2.0582,-0.0958
-0.4527,-0.0031,-2.6139,0.9412,2.3841,2.0582,-0.0958
-0.4527,-0.0031,-2.6139,0.9411,2.3842,2.0582,-0.0958
-0.4527,-0.0031,-2.6139,0.9411,2.3842,2.0582,-0.0958
-0.4527,-0.0031,-2.6139,0.9411,2.3842,2.0582,-0.0958
-0.4527,-0.0031,-2.6140,0.9411,2.3842,2.0582,-0.0958
-0.4527,-0.0031,-2.6140,0.9411,2.3843,2.0582,-0.0958
-0.4528,-0.0031,-2.6140,0.9411,2.3843,2.0582,-0.0957
-0.4528,-0.0031,-2.6140,0.9411,2.3843,2.0582,-0.0957
-0.4528,-0.0031,-2.6140,0.9411,2.3843,2.0582,-0.0957
-0.4528,-0.0031,-2.6140,0.9411,2.3843,2.0581,-0.0957
-0.4528,-0.0031,-2.6141,0.9411,2.3844,2.0581,-0.0957
-0.4528,-0.0031,-2.6141,0.9410,2.3844,2.0581,-0.0957
-0.4528,-0.0031,-2.6141,0.9410,2.3844,2.0581,-0.0957
-0.4529,-0.0031,-2.6141,0.9410,2.3844,2.0581,-0.0957
-0.4529,-0.0031,-2.6141,0.9410,2.3844,2.0581,-0.0956
-0.4529,-0.0031,-2.6141,0.9410,2.3845,2.0581,-0.0956
-0.4529,-0.0030,-2.6141,0.9410,2.3845,2.0581,-0.0956
-0.4529,-0.0030,-2.6142,0.9410,2.3845,2.0581,-0.0956
-0.4529,-0.0030,-2.6142,0.9410,2.3845,2.0581,-0.0956
-0.4529,-0.0030,-2.6142,0.9410,2.3845,2.0581,-0.0956
-0.4529,-0.0030,-2.6142,0.9410,2.3845,2.0581,-0.0956
